5
100
200
100
539
3867
70
21000
S6014C-M
46000
48500
2
90
700
85.62
S6014C-M
46000
48500
2
90
700
85.62
4000
24
365
700
25
5
60
10
10
1
1
0
0
1
0
0
1
-1
-1
-1
100
200
100
539
3867
70
21000
S6014C-M
46000
48500
2
90
700
85.62
S6016C-M
58000
60000
2
102.5
920
97.25
4000
24
365
700
25
5
60
10
10
1
1
0
0
1
0
0
1
-1
-1
-1
100
200
100
539
3867
70
21000
S6014C-M
46000
48500
4
90
1400
171.2
S6016C-M
58000
60000
2
102.5
920
97.25
4000
24
365
700
25
5
60
10
10
1
1
0
0
1
0
0
1
-1
-1
-1
100
200
100
539
3867
80
21000
S6016C-M
58000
60000
4
102.5
1840
194.5
S6016C-M
58000
60000
2
102.5
920
97.25
4000
24
365
700
25
5
60
10
10
1
1
0
0
1
0
0
1
-1
-1
-1
100
200
100
539
0
80
21000
S6016C-M
58000
60000
2
102.5
920
97.25
S6014C-M
46000
48500
2
90
700
85.62
4000
24
365
700
25
5
60
10
10
1
1
0
0
1
0
0
1
-1
-1
-1
