4
100
200
100
539
3867
70
21000
S6014C-M
46000
48500
2
90
700
53.4
S6014C-M
46000
48500
2
90
700
53.4
4000
24
365
700
25
5
60
10
10
1
1
0
0
1
0
0
1
-1
-1
-1
100
200
100
539
3867
80
21000
S6014C-M
46000
48500
2
90
700
53.4
S6016C-M
58500
60000
2
102.5
920
75.5
4000
24
365
700
25
5
60
10
10
1
1
0
0
1
0
0
1
-1
-1
-1
100
200
100
539
3867
80
21000
S6014C-M
46000
48500
4
90
700
106.8
S6016C-M
58500
60000
2
102.5
920
75.5
4000
24
365
700
25
5
60
10
10
1
1
0
0
1
0
0
1
-1
-1
-1
100
200
100
539
3867
80
21000
S6016C-M
58500
60000
2
102.5
920
75.5
S6014C-M
46000
48500
2
90
700
106.8
4000
24
365
700
25
5
60
10
10
1
1
0
0
1
0
0
1
-1
-1
-1









































